,Unknown,Final Value (mm or rad),Value Standard Deviation (mm or rad)
0,1Xcj,-746.9548816473772,0.47234639090886116
1,1Ycj,-268.59453481058773,0.5463283331279489
2,1Zcj,113.70221338066949,0.7857857785265298
3,1w,1.6172539672138702,0.00029455035566097027
4,1o,-0.34500465628088756,0.00019287068297236745
5,1k,-0.05286714511601137,0.00015720041486024032
6,5Xcj,2614.1379095145135,0.5830226975124676
7,5Ycj,89.3585670723902,0.5683140735063945
8,5Zcj,110.03459675304649,0.7267965198349986
9,5w,1.5648278842545995,0.0003066707722978768
10,5o,0.6643685871286442,0.00023815489294351521
11,5k,-0.03125266606156934,0.00017181705668870259
12,8Xcj,-122.24395610749683,0.5916583459119032
13,8Ycj,-665.8478573599588,0.3655268136354254
14,8Zcj,61.10353279014381,0.7875344443864282
15,8w,1.4846016896456586,0.000270344414528684
16,8o,-0.20426343919457873,0.000213760265605699
17,8k,1.5486101077566996,0.0001480899797660257
18,9Xcj,537.074443237871,1.309577044172131
19,9Ycj,-633.9989119913413,0.6502007723911171
20,9Zcj,57.64706144648279,1.8092673258249081
21,9w,1.4815126212776706,0.0005441070167349298
22,9o,-0.09309534507325597,0.00039695156806900404
23,9k,1.5768299188781774,0.00020041293178162085
24,24Xi,-0.09166306174906819,0.009999165806853212
25,24Yi,1700.0022530724082,0.009999744523501405
26,24Zi,100.12851688797763,0.009998958765750757
27,71Xi,2200.0917465010602,0.009999327705273975
28,71Yi,2499.980564030343,0.009999771643717221
29,71Zi,-1200.0267266151197,0.00999943648980049
30,85Xi,2762.3830142962056,9.967323342003434
31,85Yi,1972.3483630592066,10.437907505927175
32,85Zi,470.6209001182112,1.9562866541856834
33,89Xi,2770.6058521373275,0.583547210332845
34,89Yi,1973.8472563141615,1.3487743807474804
35,89Zi,-228.29113708077492,0.6733761503442887
36,132Xi,1799.9588938710501,0.009999620211336296
37,132Yi,2999.988907736204,0.009999900140227568
38,132Zi,-800.0035974025712,0.009999613130439637
39,133Xi,2300.066148951539,0.009999250512698173
40,133Yi,2400.016969910048,0.009999827776666153
41,133Zi,-599.9254192525424,0.009999361461033926
42,A5Xi,46.99837427920278,0.009999120048456687
43,A5Yi,1787.9902454560681,0.009999290966118436
44,A5Zi,1982.0075490227478,0.009999027692961621
45,B1Xi,1646.0055155105613,0.00999940593587011
46,B1Yi,3051.9992635012086,0.009999832623166916
47,B1Zi,1258.003800031549,0.00999935381676519
48,B2Xi,2225.0011853992123,0.009999023660392013
49,B2Yi,2489.9992496611776,0.009999634025090777
50,B2Zi,1254.002153316236,0.009999055573122606
51,B8Xi,1667.001954568516,0.009999413958788015
52,B8Yi,3038.0010785921386,0.009999880301437688
53,B8Zi,488.9977624099092,0.00999935202246111
54,B9Xi,2214.993602906973,0.009999072309933504
55,B9Yi,2506.003104893984,0.009999756322524233
56,B9Zi,460.9917098422195,0.009999071248749724
57,A32Xi,-759.9860751912686,0.009997868925721095
58,A32Yi,987.9960298743194,0.009999218051006283
59,A32Zi,-547.0244577726111,0.009998415122966349
60,A33Xi,-181.99972579399545,0.009999022253982375
61,A33Yi,1554.9982308198673,0.00999963828361255
62,A33Zi,-541.007779812752,0.009998836220797102
63,A34Xi,391.9962337582829,0.009999164042695146
64,A34Yi,2121.9991246098284,0.009999764524707664
65,A34Zi,-547.0063228444194,0.009998998305791495
66,A35Xi,975.9952435053966,0.009999391391597558
67,A35Yi,2702.99940863817,0.009999851973240867
68,A35Zi,-558.0032366302449,0.009999283826059475
69,BS8Xi,2558.992734660378,0.009998531318041244
70,BS8Yi,2177.006027587869,0.009999563229771004
71,BS8Zi,700.9885663325562,0.009998808188310155
72,AS10Xi,236.0011440434026,0.009998973132279227
73,AS10Yi,1981.9946898772273,0.00999937167035915
74,AS10Zi,1751.0026138316653,0.00999881027459042
75,AS12Xi,-380.9936993129382,0.009998680626491431
76,AS12Yi,1372.997845180642,0.009999098090579273
77,AS12Zi,1463.9961271380248,0.009998677354957453
78,AS31Xi,-867.9814414476119,0.009999002884843221
79,AS31Yi,889.0171677406566,0.00999901307628166
80,AS31Zi,-1221.9955368658143,0.009999232563890126
81,AS32Xi,839.9930657617855,0.009999520319999625
82,AS32Yi,2580.9970830693983,0.009999846684807507
83,AS32Zi,-1196.0049173972925,0.00999947402669792
84,BS11Xi,1585.0021490529202,0.00999944964277421
85,BS11Yi,3128.0013926652487,0.009999898663210416
86,BS11Zi,248.9967482820198,0.009999390341903034
87,BS17Xi,1766.9981257155125,0.009999619982285919
88,BS17Yi,2956.0014345122127,0.009999895773972802
89,BS17Zi,-795.99884511165,0.00999960634427488
90,BS20Xi,2561.985486163508,0.009998799042748295
91,BS20Yi,2178.999164487887,0.009999652551347491
92,BS20Zi,-1033.0072388263068,0.009999216307153521
93,BVS5Xi,2444.0005729879563,0.009999610636187754
94,BVS5Yi,2270.9917172963646,0.009999579394370309
95,BVS5Zi,1610.0129047642085,0.009999414851668697
96,BVS6Xi,2212.0048298027004,0.0099990231287243
97,BVS6Yi,2497.9946101469054,0.009999559227744117
98,BVS6Zi,1613.0104389518888,0.009999080443748741
99,AVS50Xi,63.007814043732544,0.009998809042843268
100,AVS50Yi,1798.999737220244,0.009999263110786276
101,AVS50Zi,1627.9970328220686,0.009998649313436102
102,AVS51Xi,345.00026806027086,0.009999291781789845
103,AVS51Yi,2074.9967768488004,0.009999618850171674
104,AVS51Zi,1623.0038730974168,0.009999136257463292
105,AVS57Xi,-512.9919764967757,0.00999840963347474
106,AVS57Yi,1229.004036019933,0.009999084802026513
107,AVS57Zi,1229.989063478223,0.009998540792827512
108,AVS58Xi,60.00591542750996,0.00999882019331969
109,AVS58Yi,1792.0026751331404,0.009999472846839545
110,AVS58Zi,1235.9924854883006,0.009998650982191343
111,AVS59Xi,629.9975096556891,0.009999411481711865
112,AVS59Yi,2360.997013573541,0.00999979769103441
113,AVS59Zi,1247.9997148928799,0.009999280598017624
114,AVS65Xi,-795.9941081630642,0.009998783143265131
115,AVS65Yi,945.0070449316535,0.009999186683921562
116,AVS65Zi,775.9890528345459,0.009998893654553687
117,AVS69Xi,357.99743878907054,0.009999097447533556
118,AVS69Yi,2092.996963763993,0.009999743773754897
119,AVS69Zi,783.9920618728692,0.009998915700155703
120,AVS70Xi,640.9973395401622,0.009999431330621648
121,AVS70Yi,2370.997766167578,0.009999859314952262
122,AVS70Zi,776.9969183194466,0.00999930724372695
123,AVS71Xi,955.9993903681435,0.009999498125767309
124,AVS71Yi,2681.999363175862,0.009999893252210092
125,AVS71Zi,796.9983078146444,0.009999406470394318
126,AVS75Xi,-793.9940018408455,0.009998832682146196
127,AVS75Yi,946.0046913097259,0.009999378304126495
128,AVS75Zi,401.99034816130734,0.009998943331262528
129,AVS91Xi,1318.0017500806543,0.00999967489124806
130,AVS91Yi,3040.000171076009,0.009999957606806697
131,AVS91Zi,-5.0006544505552055,0.00999964830748661
132,BVS10Xi,1940.9934647893533,0.009999259239719425
133,BVS10Yi,2766.010781954679,0.00999975452047458
134,BVS10Zi,1252.967849463882,0.00999922135304634
135,BVS16Xi,2746.99394066266,0.009997942950225427
136,BVS16Yi,1983.0051442863255,0.009999322973194405
137,BVS16Zi,878.9959044616988,0.009998680845437754
138,BVS35Xi,2239.9933257998878,0.009999332998929834
139,BVS35Yi,2480.000150915669,0.00999986042383599
140,BVS35Zi,-400.0038746445866,0.009999404664370874
141,BVS36Xi,1598.076452835577,0.9998680080650479
142,BVS36Yi,3113.6452739764823,2.3268757051343965
143,BVS36Zi,-359.7148769806604,0.946509849727181
144,BVS37Xi,1738.9965096344895,0.00999939832723616
145,BVS37Yi,2973.0001008211634,0.009999857886862343
146,BVS37Zi,-614.0072670590386,0.009999353101929996
147,BVS38Xi,2765.981755378779,0.009998170782131097
148,BVS38Yi,1967.9967079192475,0.009999560237218746
149,BVS38Zi,-810.0165295450636,0.009999041575945167
150,BVS42Xi,1604.9985524736921,0.009999449272878571
151,BVS42Yi,3101.001021402925,0.009999865473064733
152,BVS42Zi,-868.0044984295388,0.00999941307065333
153,BVS43Xi,2494.9890300737125,0.009998924147661304
154,BVS43Yi,2234.0000251602396,0.00999964356473114
155,BVS43Zi,-1205.0047318143609,0.009999278011223488
156,BVS44Xi,1966.9947804334222,0.009999512549416938
157,BVS44Yi,2747.0024452599255,0.009999836260761397
158,BVS44Zi,-1191.997409056887,0.009999543224801287
159,AVS104Xi,-760.9851755729808,0.009999062886828513
160,AVS104Yi,983.0116957494113,0.009999270571548409
161,AVS104Zi,-897.9943763319072,0.009999140095608235
162,AVS105Xi,-475.4333866146429,0.5973076637059802
163,AVS105Yi,1261.6945245267584,1.2157348495487883
164,AVS105Zi,-876.1208992979716,0.8471598341952145
165,AVS106Xi,-191.9982708081328,0.009998670786603605
166,AVS106Yi,1542.9991170715296,0.009999408908042408
167,AVS106Zi,-895.0056670573017,0.009998574306189978
168,AVS107Xi,100.99825458398954,0.00999931242645576
169,AVS107Yi,1833.998574695271,0.00999972073352705
170,AVS107Zi,-885.0056033625405,0.009999217548181397
171,AVS108Xi,391.10721170433413,0.7778228806010511
172,AVS108Yi,2122.8149919404505,1.6254523007706978
173,AVS108Zi,-912.1110880088877,0.8961776950297774
174,AVS116Xi,392.9882978221536,0.009999430451317508
175,AVS116Yi,2128.9955077359587,0.009999735987558994
176,AVS116Zi,-1352.0012546863063,0.009999371682493405
177,AVS117Xi,952.9937926320332,0.00999953444201709
178,AVS117Yi,2682.996924446994,0.009999848758447836
179,AVS117Zi,-1334.0055585488697,0.009999505986941378
